100 3.04
200 3.22
300 3.28
400 3.03
500 3.096
600 3.1666666666666665
700 3.125714285714286
800 3.08
900 3.128888888888889
1000 3.168
1100 3.112727272727273
1200 3.0833333333333335
1300 3.083076923076923
1400 3.1542857142857144
1500 3.1573333333333333
1600 3.115
1700 3.16
1800 3.1155555555555554
1900 3.1536842105263156
2000 3.09
2100 3.182857142857143
2200 3.1454545454545455
2300 3.1808695652173915
2400 3.095
2500 3.1712
2600 3.1538461538461537
2700 3.16
2800 3.1314285714285712
2900 3.0965517241379312
3000 3.1786666666666665
3100 3.096774193548387
3200 3.1725
3300 3.1551515151515153
3400 3.1388235294117646
3500 3.1188571428571428
3600 3.1366666666666667
3700 3.1113513513513515
3800 3.154736842105263
3900 3.147692307692308
4000 3.143
4100 3.1551219512195123
4200 3.123809523809524
4300 3.1451162790697675
4400 3.149090909090909
4500 3.1582222222222223
4600 3.2017391304347824
4700 3.1523404255319147
4800 3.1425
4900 3.1395918367346938
5000 3.1192
5100 3.1372549019607843
5200 3.1815384615384614
5300 3.1328301886792453
5400 3.0925925925925926
5500 3.1476363636363636
5600 3.137142857142857
5700 3.141754385964912
5800 3.113103448275862
5900 3.1410169491525424
6000 3.1593333333333335
6100 3.1790163934426228
6200 3.141290322580645
6300 3.1098412698412696
6400 3.169375
6500 3.152615384615385
6600 3.129090909090909
6700 3.159402985074627
6800 3.1670588235294117
6900 3.1020289855072463
7000 3.124
7100 3.1780281690140844
7200 3.1277777777777778
7300 3.162739726027397
7400 3.127027027027027
7500 3.122133333333333
7600 3.1389473684210527
7700 3.1605194805194805
7800 3.102051282051282
7900 3.1432911392405063
8000 3.135
8100 3.140246913580247
8200 3.1478048780487806
8300 3.141686746987952
8400 3.1347619047619046
8500 3.1411764705882352
8600 3.1590697674418604
8700 3.1029885057471263
8800 3.1340909090909093
8900 3.1496629213483147
9000 3.1693333333333333
9100 3.1745054945054947
9200 3.138695652173913
9300 3.1333333333333333
9400 3.1446808510638298
9500 3.1650526315789476
9600 3.15
9700 3.163298969072165
9800 3.1514285714285712
9900 3.1474747474747473
10000 3.1456
10100 3.0946534653465347
10200 3.155294117647059
10300 3.145242718446602
10400 3.144615384615385
10500 3.1432380952380954
10600 3.129811320754717
10700 3.135700934579439
10800 3.1240740740740742
10900 3.1475229357798167
11000 3.129090909090909
11100 3.127927927927928
11200 3.139642857142857
11300 3.1465486725663716
11400 3.1480701754385967
11500 3.1419130434782607
11600 3.143793103448276
11700 3.1220512820512822
11800 3.1684745762711866
11900 3.1146218487394957
12000 3.1166666666666667
12100 3.1441322314049587
12200 3.1406557377049182
12300 3.145691056910569
12400 3.132258064516129
12500 3.13056
12600 3.137142857142857
12700 3.1193700787401575
12800 3.15125
12900 3.1305426356589146
13000 3.1424615384615384
13100 3.1483969465648856
13200 3.149090909090909
13300 3.132631578947368
13400 3.131044776119403
13500 3.147851851851852
13600 3.1108823529411764
13700 3.152116788321168
13800 3.171304347826087
13900 3.1640287769784172
14000 3.1394285714285712
14100 3.1438297872340426
14200 3.1180281690140843
14300 3.142937062937063
14400 3.1394444444444445
14500 3.115586206896552
14600 3.136986301369863
14700 3.1297959183673467
14800 3.1505405405405407
14900 3.1366442953020135
15000 3.156
15100 3.12158940397351
15200 3.1413157894736843
15300 3.1411764705882352
15400 3.1485714285714286
15500 3.1313548387096772
15600 3.125897435897436
15700 3.1704458598726113
15800 3.157721518987342
15900 3.1366037735849055
16000 3.13975
16100 3.1622360248447205
16200 3.131358024691358
16300 3.1629447852760735
16400 3.1446341463414633
16500 3.1178181818181816
16600 3.132048192771084
16700 3.1451497005988025
16800 3.1357142857142857
16900 3.136094674556213
17000 3.1505882352941175
17100 3.144327485380117
17200 3.134186046511628
17300 3.1526011560693643
17400 3.153793103448276
17500 3.1488
17600 3.135
17700 3.161581920903955
17800 3.136629213483146
17900 3.1550837988826816
18000 3.135111111111111
18100 3.145414364640884
18200 3.131868131868132
18300 3.145792349726776
18400 3.1426086956521737
18500 3.134054054054054
18600 3.162795698924731
18700 3.1463101604278076
18800 3.143617021276596
18900 3.1314285714285712
19000 3.1553684210526316
19100 3.127329842931937
19200 3.1527083333333334
19300 3.155440414507772
19400 3.1416494845360825
19500 3.1386666666666665
19600 3.1489795918367345
19700 3.1411167512690357
19800 3.1432323232323234
19900 3.14713567839196
20000 3.1544
20100 3.136915422885572
20200 3.1271287128712872
20300 3.1643349753694583
20400 3.1443137254901963
20500 3.1322926829268294
20600 3.1553398058252426
20700 3.1408695652173915
20800 3.145192307692308
20900 3.1201913875598084
21000 3.130095238095238
21100 3.1516587677725116
21200 3.148679245283019
21300 3.1376525821596246
21400 3.120747663551402
21500 3.143813953488372
21600 3.1414814814814815
21700 3.1378801843317974
21800 3.1306422018348625
21900 3.132785388127854
22000 3.1312727272727274
22100 3.14841628959276
22200 3.141261261261261
22300 3.143318385650224
22400 3.143392857142857
22500 3.1640888888888887
22600 3.1530973451327435
22700 3.122466960352423
22800 3.1410526315789475
22900 3.1406113537117903
23000 3.1488695652173915
23100 3.1395670995670995
23200 3.1532758620689654
23300 3.1551931330472103
23400 3.118119658119658
23500 3.129021276595745
23600 3.143728813559322
23700 3.1446413502109705
23800 3.1363025210084032
23900 3.142092050209205
24000 3.151
24100 3.140746887966805
24200 3.155867768595041
24300 3.1353086419753087
24400 3.134918032786885
24500 3.1317551020408163
24600 3.1227642276422762
24700 3.1355465587044535
24800 3.1353225806451612
24900 3.142008032128514
25000 3.13456
25100 3.1477290836653387
25200 3.1444444444444444
25300 3.148300395256917
25400 3.1448818897637794
25500 3.1414901960784314
25600 3.14046875
25700 3.123579766536965
25800 3.134263565891473
25900 3.134980694980695
26000 3.133384615384615
26100 3.1278160919540228
26200 3.1314503816793895
26300 3.1411406844106464
26400 3.1493939393939394
26500 3.143547169811321
26600 3.135639097744361
26700 3.1445692883895133
26800 3.1480597014925373
26900 3.145278810408922
27000 3.136888888888889
27100 3.1400738007380076
27200 3.1482352941176472
27300 3.1459340659340658
27400 3.133284671532847
27500 3.1405090909090907
27600 3.138695652173913
27700 3.152779783393502
27800 3.1545323741007194
27900 3.1257347670250897
28000 3.142714285714286
28100 3.132526690391459
28200 3.1397163120567377
28300 3.131731448763251
28400 3.1359154929577464
28500 3.1562105263157894
28600 3.1334265734265734
28700 3.1113588850174216
28800 3.144722222222222
28900 3.1325951557093425
29000 3.148
29100 3.135807560137457
29200 3.1380821917808217
29300 3.1332423208191127
29400 3.139183673469388
29500 3.1294915254237288
29600 3.144189189189189
29700 3.1435690235690235
29800 3.14496644295302
29900 3.1311036789297657
30000 3.1418666666666666
30100 3.148704318936877
30200 3.1430463576158942
30300 3.136369636963696
30400 3.1376315789473685
30500 3.1384918032786886
30600 3.1343790849673203
30700 3.140586319218241
30800 3.128311688311688
30900 3.157411003236246
31000 3.1409032258064515
31100 3.1386495176848874
31200 3.1296153846153847
31300 3.1150159744408947
31400 3.1338853503184714
31500 3.1276190476190475
31600 3.1443037974683543
31700 3.1442271293375392
31800 3.159748427672956
31900 3.133166144200627
32000 3.12075
32100 3.1327102803738316
32200 3.1422360248447205
32300 3.136842105263158
32400 3.1520987654320987
32500 3.1433846153846154
32600 3.1438036809815952
32700 3.138960244648318
32800 3.1460975609756097
32900 3.144437689969605
33000 3.1493333333333333
33100 3.1556495468277945
33200 3.1439759036144577
33300 3.137777777777778
33400 3.1305389221556887
33500 3.1561791044776117
33600 3.1429761904761904
33700 3.1354302670623144
33800 3.1398816568047336
33900 3.142064896755162
34000 3.1431764705882355
34100 3.1295014662756597
34200 3.147719298245614
34300 3.1423906705539357
34400 3.144767441860465
34500 3.1516521739130434
34600 3.143121387283237
34700 3.124149855907781
34800 3.151609195402299
34900 3.1279083094555875
35000 3.138514285714286
35100 3.1411965811965814
35200 3.1531818181818183
35300 3.1406232294617564
35400 3.1519774011299435
35500 3.1299154929577466
35600 3.140112359550562
35700 3.135014005602241
35800 3.132290502793296
35900 3.147632311977716
36000 3.145
36100 3.13196675900277
36200 3.1552486187845306
36300 3.132892561983471
36400 3.1453846153846152
36500 3.1534246575342464
36600 3.1369398907103827
36700 3.1423433242506813
36800 3.135
36900 3.151111111111111
37000 3.1352432432432433
37100 3.135202156334232
37200 3.1421505376344085
37300 3.132868632707775
37400 3.1432085561497325
37500 3.1386666666666665
37600 3.151063829787234
37700 3.143448275862069
37800 3.1463492063492065
37900 3.1495514511873353
38000 3.1418947368421053
38100 3.138267716535433
38200 3.131413612565445
38300 3.142349869451697
38400 3.1320833333333336
38500 3.142857142857143
38600 3.133575129533679
38700 3.1443927648578813
38800 3.148659793814433
38900 3.143033419023136
39000 3.1317948717948716
39100 3.1499744245524295
39200 3.1498979591836735
39300 3.1373027989821884
39400 3.143959390862944
39500 3.1462278481012658
39600 3.1512121212121214
39700 3.151536523929471
39800 3.1435175879396984
39900 3.1352380952380954
40000 3.1357
40100 3.1556109725685784
40200 3.1502487562189057
40300 3.1432258064516128
40400 3.1425742574257427
40500 3.153283950617284
40600 3.1539901477832513
40700 3.137985257985258
40800 3.137843137254902
40900 3.1506112469437655
41000 3.140878048780488
41100 3.1409245742092455
41200 3.1499029126213594
41300 3.1359806295399517
41400 3.137101449275362
41500 3.1388915662650603
41600 3.126730769230769
41700 3.1449400479616307
41800 3.1535885167464115
41900 3.125250596658711
42000 3.136952380952381
42100 3.146603325415677
42200 3.1375355450236966
42300 3.141371158392435
42400 3.1399056603773583
42500 3.139105882352941
42600 3.1378403755868542
42700 3.1407962529274003
42800 3.149065420560748
42900 3.1317482517482516
43000 3.1350697674418604
43100 3.136334106728538
43200 3.1444444444444444
43300 3.149099307159353
43400 3.1325345622119816
43500 3.152919540229885
43600 3.147981651376147
43700 3.1340045766590388
43800 3.147945205479452
43900 3.1373120728929385
44000 3.1362727272727273
44100 3.142675736961451
44200 3.145158371040724
44300 3.150158013544018
44400 3.1371171171171173
44500 3.1490337078651685
44600 3.145291479820628
44700 3.1249217002237137
44800 3.134732142857143
44900 3.1433407572383074
45000 3.1348444444444445
45100 3.1367627494456762
45200 3.159734513274336
45300 3.1392494481236204
45400 3.133215859030837
45500 3.1571868131868133
45600 3.1428070175438596
45700 3.137417943107221
45800 3.1443668122270743
45900 3.135686274509804
46000 3.149739130434783
46100 3.142646420824295
46200 3.1507359307359306
46300 3.137365010799136
46400 3.1478448275862068
46500 3.132043010752688
46600 3.13931330472103
46700 3.137730192719486
46800 3.1405128205128205
46900 3.1379957356076758
47000 3.132085106382979
47100 3.1515923566878983
47200 3.1414406779661017
47300 3.13784355179704
47400 3.1334177215189873
47500 3.1534315789473686
47600 3.1410084033613446
47700 3.1451572327044026
47800 3.1565690376569036
47900 3.160250521920668
48000 3.1435
48100 3.137130977130977
48200 3.152863070539419
48300 3.1312629399585923
48400 3.1514876033057853
48500 3.1490309278350517
48600 3.126090534979424
48700 3.1362628336755645
48800 3.139590163934426
48900 3.140449897750511
49000 3.1336326530612246
49100 3.1437881873727087
49200 3.1428455284552848
49300 3.144503042596349
49400 3.1355465587044535
49500 3.146989898989899
49600 3.1413709677419357
49700 3.1314285714285712
49800 3.1461847389558235
49900 3.1539078156312623
50000 3.14488
50100 3.1373253493013973
50200 3.1323505976095616
50300 3.135904572564612
50400 3.143253968253968
50500 3.1485148514851486
50600 3.139683794466403
50700 3.137041420118343
50800 3.130314960629921
50900 3.1374459724950885
51000 3.136470588235294
51100 3.1387084148727986
51200 3.15015625
51300 3.136062378167641
51400 3.142645914396887
51500 3.1410485436893203
51600 3.1366666666666667
51700 3.1492456479690523
51800 3.1413127413127415
51900 3.14242774566474
52000 3.1258461538461537
52100 3.137197696737044
52200 3.142145593869732
52300 3.1350669216061187
52400 3.1525190839694655
52500 3.1353142857142857
52600 3.1503422053231938
52700 3.1216698292220113
52800 3.132727272727273
52900 3.148733459357278
53000 3.133132075471698
53100 3.1340866290018834
53200 3.135563909774436
53300 3.1387617260787994
53400 3.1405243445692883
53500 3.153121495327103
53600 3.1356716417910446
53700 3.159925512104283
53800 3.1548698884758366
53900 3.1487198515769945
54000 3.1345925925925924
54100 3.1514972273567468
54200 3.132029520295203
54300 3.139594843462247
54400 3.1386764705882353
54500 3.150091743119266
54600 3.1413186813186815
54700 3.1450091407678245
54800 3.134963503649635
54900 3.1318032786885244
55000 3.1438545454545452
55100 3.138802177858439
55200 3.1331884057971013
55300 3.138155515370705
55400 3.139783393501805
55500 3.1541621621621623
55600 3.1376258992805757
55700 3.1355834829443445
55800 3.142652329749104
55900 3.137101967799642
56000 3.144857142857143
56100 3.146096256684492
56200 3.1363701067615657
56300 3.1403197158081704
56400 3.138014184397163
56500 3.135221238938053
56600 3.1474911660777387
56700 3.159858906525573
56800 3.1438732394366196
56900 3.1451669595782072
57000 3.146877192982456
57100 3.147460595446585
57200 3.143846153846154
57300 3.1454101221640487
57400 3.138885017421603
57500 3.1455304347826085
57600 3.142847222222222
57700 3.1342807625649916
57800 3.1446366782006923
57900 3.1458376511226254
58000 3.1464827586206896
58100 3.1510499139414803
58200 3.147285223367698
58300 3.1361921097770153
58400 3.1513013698630137
58500 3.1522735042735044
58600 3.1413651877133106
58700 3.1436456558773425
58800 3.141156462585034
58900 3.134668930390492
59000 3.133152542372881
59100 3.1411167512690357
59200 3.146554054054054
59300 3.1567622259696457
59400 3.1423569023569025
59500 3.155831932773109
59600 3.143221476510067
59700 3.1260971524288106
59800 3.153244147157191
59900 3.150116861435726
60000 3.1348
60100 3.1350415973377705
60200 3.137674418604651
60300 3.150580431177446
60400 3.1420529801324504
60500 3.1474380165289255
60600 3.146798679867987
60700 3.141021416803954
60800 3.142565789473684
60900 3.139507389162562
61000 3.1425573770491804
61100 3.1343371522094925
61200 3.15
61300 3.1428384991843394
61400 3.141498371335505
61500 3.140487804878049
61600 3.1455194805194804
61700 3.1351053484602915
61800 3.1505501618122977
61900 3.1424878836833603
62000 3.145677419354839
62100 3.138035426731079
62200 3.1387138263665593
62300 3.1469020866773674
62400 3.1337179487179485
62500 3.154304
62600 3.13667731629393
62700 3.127974481658692
62800 3.1422292993630574
62900 3.1560572337042925
63000 3.1404444444444444
63100 3.1295721077654517
63200 3.141075949367089
63300 3.1404107424960506
63400 3.160757097791798
63500 3.145763779527559
63600 3.1453459119496854
63700 3.137645211930926
63800 3.1419435736677115
63900 3.151737089201878
64000 3.1455
64100 3.1449609984399376
64200 3.1322118380062305
64300 3.1402799377916017
64400 3.1392546583850933
64500 3.14784496124031
64600 3.1408668730650153
64700 3.149984544049459
64800 3.1372222222222224
64900 3.135100154083205
65000 3.1376
65100 3.1442089093701995
65200 3.1337423312883437
65300 3.135375191424196
65400 3.1448318042813455
65500 3.1461984732824426
65600 3.147256097560976
65700 3.154337899543379
65800 3.132948328267477
65900 3.1516236722306523
66000 3.133151515151515
66100 3.1471104387291984
66200 3.1541389728096676
66300 3.1434087481146307
66400 3.137289156626506
66500 3.1387067669172932
66600 3.144024024024024
66700 3.134152923538231
66800 3.1379041916167663
66900 3.148400597907324
67000 3.133134328358209
67100 3.1451564828614007
67200 3.140654761904762
67300 3.156433878157504
67400 3.1448071216617213
67500 3.1536
67600 3.138284023668639
67700 3.132112259970458
67800 3.1429498525073747
67900 3.141561119293078
68000 3.145
68100 3.137621145374449
68200 3.1402932551319647
68300 3.1462957540263545
68400 3.145964912280702
68500 3.137693430656934
68600 3.1390087463556853
68700 3.1387481804949053
68800 3.146046511627907
68900 3.1290566037735847
69000 3.1306086956521737
69100 3.143039073806078
69200 3.145780346820809
69300 3.1392784992784994
69400 3.140057636887608
69500 3.129611510791367
69600 3.1513793103448275
69700 3.1411764705882352
69800 3.1407449856733525
69900 3.1411158798283263
70000 3.1329714285714285
70100 3.138373751783167
70200 3.1404558404558403
70300 3.140881934566145
70400 3.142556818181818
70500 3.1409929078014183
70600 3.1442492917847025
70700 3.1405940594059407
70800 3.135536723163842
70900 3.132355430183357
71000 3.1510422535211267
71100 3.1350210970464136
71200 3.136629213483146
71300 3.142103786816269
71400 3.1412885154061625
71500 3.1401398601398602
71600 3.145977653631285
71700 3.143765690376569
71800 3.1453481894150417
71900 3.1412517385257304
72000 3.1364444444444444
72100 3.1495145631067962
72200 3.1426592797783934
72300 3.143789764868603
72400 3.141049723756906
72500 3.149958620689655
72600 3.1475482093663913
72700 3.1397524071526823
72800 3.1451648351648354
72900 3.1489711934156377
73000 3.128383561643836
73100 3.1430369357045143
73200 3.1389071038251366
73300 3.1470668485675306
73400 3.148882833787466
73500 3.144544217687075
73600 3.1392934782608695
73700 3.143609226594301
73800 3.1421680216802166
73900 3.1309878213802436
74000 3.1406486486486487
74100 3.1496356275303645
74200 3.1397304582210244
74300 3.1323822341857337
74400 3.133763440860215
74500 3.1491543624161076
74600 3.1379624664879358
74700 3.140562248995984
74800 3.1406951871657753
74900 3.14237650200267
75000 3.1464
75100 3.139227696404794
75200 3.1359574468085105
75300 3.1400796812749006
75400 3.1485941644562336
75500 3.130860927152318
75600 3.1338624338624337
75700 3.141558784676354
75800 3.1296569920844326
75900 3.138129117259552
76000 3.1495263157894735
76100 3.1532194480946125
76200 3.139002624671916
76300 3.1330013106159895
76400 3.129214659685864
76500 3.1432156862745098
76600 3.126266318537859
76700 3.146857887874837
76800 3.1288020833333334
76900 3.1495448634590377
77000 3.1505974025974024
77100 3.1406485084306097
77200 3.144766839378238
77300 3.137438551099612
77400 3.1395865633074935
77500 3.1417806451612904
77600 3.1359278350515463
77700 3.1457400257400256
77800 3.139331619537275
77900 3.142028241335045
78000 3.1474871794871793
78100 3.146171574903969
78200 3.1300255754475703
78300 3.136500638569604
78400 3.1333673469387757
78500 3.140993630573248
78600 3.136030534351145
78700 3.1450571791613724
78800 3.150456852791878
78900 3.144233206590621
79000 3.1339746835443036
79100 3.147054361567636
79200 3.138333333333333
79300 3.138310214375788
79400 3.141360201511335
79500 3.1491823899371068
79600 3.13964824120603
79700 3.1399749058971143
79800 3.142005012531328
79900 3.131364205256571
80000 3.14275
80100 3.1360299625468167
80200 3.1444887780548627
80300 3.140024906600249
80400 3.1460199004975125
80500 3.1439503105590063
80600 3.146352357320099
80700 3.140718711276332
80800 3.1502970297029704
80900 3.1369592088998766
81000 3.1421234567901233
81100 3.124241676942047
81200 3.136305418719212
81300 3.1474046740467405
81400 3.1437837837837836
81500 3.1354110429447855
81600 3.1437745098039214
81700 3.143892288861689
81800 3.1409290953545232
81900 3.1427106227106227
82000 3.150926829268293
82100 3.1414372716199757
82200 3.148272506082725
82300 3.1428432563791007
82400 3.1403883495145632
82500 3.1521939393939395
82600 3.1375786924939466
82700 3.1389117291414754
82800 3.1381642512077295
82900 3.1436911942098913
83000 3.1390843373493977
83100 3.131600481347774
83200 3.148798076923077
83300 3.1451620648259304
83400 3.152565947242206
83500 3.1464910179640717
83600 3.1438755980861246
83700 3.1479091995221027
83800 3.1362291169451075
83900 3.1370202622169248
84000 3.140190476190476
84100 3.130844233055886
84200 3.138289786223278
84300 3.144341637010676
84400 3.1492417061611375
84500 3.1403076923076925
84600 3.1403309692671395
84700 3.1423848878394334
84800 3.1425
84900 3.136301531213192
85000 3.1415529411764704
85100 3.140023501762632
85200 3.153755868544601
85300 3.1390386869871043
85400 3.1400936768149883
85500 3.1413333333333333
85600 3.1353738317757007
85700 3.14049008168028
85800 3.1454545454545455
85900 3.149429569266589
86000 3.138837209302326
86100 3.131939605110337
86200 3.1508120649651974
86300 3.142757821552723
86400 3.1433333333333335
86500 3.1360462427745666
86600 3.137598152424942
86700 3.1317185697808534
86800 3.1429953917050693
86900 3.1432451093210587
87000 3.1477241379310343
87100 3.143742824339839
87200 3.129954128440367
87300 3.148041237113402
87400 3.1465446224256293
87500 3.144182857142857
87600 3.141917808219178
87700 3.1346408209806156
87800 3.141958997722096
87900 3.1340159271899886
88000 3.146318181818182
88100 3.147604994324631
88200 3.1409070294784582
88300 3.14079275198188
88400 3.146425339366516
88500 3.136406779661017
88600 3.129841986455982
88700 3.1460653889515218
88800 3.1408558558558557
88900 3.142092238470191
89000 3.138112359550562
89100 3.1454994388327724
89200 3.141614349775785
89300 3.1387681970884658
89400 3.146711409395973
89500 3.145385474860335
89600 3.1438839285714284
89700 3.1330657748049053
89800 3.1483296213808463
89900 3.1362402669632927
90000 3.1352
90100 3.145527192008879
90200 3.13569844789357
90300 3.140952380952381
90400 3.146283185840708
90500 3.1473591160220993
90600 3.140618101545254
90700 3.144079382579934
90800 3.137797356828194
90900 3.1366776677667767
91000 3.134241758241758
91100 3.143358946212953
91200 3.1321929824561403
91300 3.1372179627601313
91400 3.142582056892779
91500 3.1319344262295084
91600 3.137598253275109
91700 3.1389312977099237
91800 3.13520697167756
91900 3.142241566920566
92000 3.1407826086956523
92100 3.141976112920738
92200 3.153405639913232
92300 3.1383748645720475
92400 3.1357142857142857
92500 3.15212972972973
92600 3.1447948164146866
92700 3.1432146709816613
92800 3.1445258620689653
92900 3.137524219590958
93000 3.1289032258064515
93100 3.1465091299677765
93200 3.1430042918454935
93300 3.144565916398714
93400 3.150149892933619
93500 3.137582887700535
93600 3.141623931623932
93700 3.1463393810032017
93800 3.139402985074627
93900 3.1459424920127796
94000 3.148723404255319
94100 3.1440170031880976
94200 3.1436093418259023
94300 3.1478260869565218
94400 3.139364406779661
94500 3.137058201058201
94600 3.140338266384778
94700 3.134361140443506
94800 3.1446413502109705
94900 3.1461327713382508
95000 3.147242105263158
95100 3.141030494216614
95200 3.146596638655462
95300 3.146610703043022
95400 3.1457023060796647
95500 3.1409424083769633
95600 3.131757322175732
95700 3.1335423197492163
95800 3.145135699373695
95900 3.1361835245046925
96000 3.140416666666667
96100 3.1372320499479707
96200 3.136133056133056
96300 3.140436137071651
96400 3.1411203319502077
96500 3.1454922279792745
96600 3.1394202898550723
96700 3.138697001034126
96800 3.1394628099173554
96900 3.136264189886481
97000 3.1415670103092785
97100 3.1414212152420187
97200 3.14082304526749
97300 3.1532579650565262
97400 3.142669404517454
97500 3.139897435897436
97600 3.151393442622951
97700 3.1419037871033777
97800 3.136564417177914
97900 3.1398978549540346
98000 3.146734693877551
98100 3.137777777777778
98200 3.1430957230142567
98300 3.1463682604272636
98400 3.1428048780487803
98500 3.1397766497461927
98600 3.1345638945233265
98700 3.1358459979736577
98800 3.142753036437247
98900 3.1501314459049543
99000 3.147878787878788
99100 3.1375580221997983
99200 3.1364112903225805
99300 3.144733131923464
99400 3.1437826961770625
99500 3.1372462311557787
99600 3.1343775100401605
99700 3.145516549648947
99800 3.132304609218437
99900 3.137897897897898
100000 3.14076
