500 3.32
600 3.066666666666667
700 3.1714285714285713
800 3.065
900 3.1911111111111112
1000 3.06
1100 3.1236363636363635
1200 3.1633333333333336
1300 3.0676923076923077
1400 3.16
1500 3.128
1600 3.1325
1700 3.164705882352941
1800 3.1066666666666665
1900 3.132631578947368
2000 3.094
2100 3.1676190476190476
2200 3.1236363636363635
2300 3.137391304347826
2400 3.1483333333333334
2500 3.0816
2600 3.1338461538461537
2700 3.111111111111111
2800 3.14
2900 3.147586206896552
3000 3.104
3100 3.099354838709677
3200 3.145
3300 3.130909090909091
3400 3.18
3500 3.085714285714286
3600 3.18
3700 3.075675675675676
3800 3.1578947368421053
3900 3.1517948717948716
4000 3.113
4100 3.1365853658536587
4200 3.1161904761904764
4300 3.1497674418604653
4400 3.1754545454545453
4500 3.128
4600 3.126086956521739
4700 3.148936170212766
4800 3.1816666666666666
4900 3.1395918367346938
5000 3.1144
5100 3.1419607843137256
5200 3.173076923076923
5300 3.127547169811321
5400 3.148888888888889
5500 3.120727272727273
5600 3.157142857142857
5700 3.167719298245614
5800 3.107586206896552
5900 3.1233898305084744
6000 3.1313333333333335
6100 3.1173770491803277
6200 3.1438709677419356
6300 3.1155555555555554
6400 3.154375
6500 3.142153846153846
6600 3.1618181818181816
6700 3.138507462686567
6800 3.1829411764705884
6900 3.1472463768115944
7000 3.109142857142857
7100 3.179154929577465
7200 3.1594444444444445
7300 3.1764383561643834
7400 3.148108108108108
7500 3.1242666666666667
7600 3.1247368421052633
7700 3.1574025974025974
7800 3.1153846153846154
7900 3.1559493670886076
8000 3.136
8100 3.154074074074074
8200 3.140487804878049
8300 3.1513253012048192
8400 3.1347619047619046
8500 3.131294117647059
8600 3.1386046511627907
8700 3.1457471264367816
8800 3.1740909090909093
8900 3.153258426966292
9000 3.172888888888889
9100 3.165714285714286
9200 3.1595652173913042
9300 3.1316129032258067
9400 3.1519148936170214
9500 3.1595789473684213
9600 3.1641666666666666
9700 3.127422680412371
9800 3.1473469387755104
9900 3.13010101010101
10000 3.1492
10100 3.108118811881188
10200 3.1654901960784314
10300 3.1479611650485437
10400 3.155
10500 3.1196190476190475
10600 3.1328301886792453
10700 3.169345794392523
10800 3.1303703703703705
10900 3.1658715596330276
11000 3.145090909090909
11100 3.102342342342342
11200 3.1582142857142856
11300 3.128849557522124
11400 3.1235087719298247
11500 3.1325217391304347
11600 3.152758620689655
11700 3.14974358974359
11800 3.123728813559322
11900 3.1643697478991597
12000 3.1346666666666665
12100 3.15900826446281
12200 3.1239344262295083
12300 3.137560975609756
12400 3.1493548387096775
12500 3.13504
12600 3.140952380952381
12700 3.175748031496063
12800 3.154375
12900 3.132403100775194
13000 3.1273846153846154
13100 3.1334351145038166
13200 3.1560606060606062
13300 3.132932330827068
13400 3.1402985074626866
13500 3.119111111111111
13600 3.155
13700 3.1696350364963504
13800 3.1472463768115944
13900 3.126906474820144
14000 3.1434285714285712
14100 3.1577304964539006
14200 3.1388732394366197
14300 3.1384615384615384
14400 3.1341666666666668
14500 3.147586206896552
14600 3.166301369863014
14700 3.156190476190476
14800 3.128108108108108
14900 3.1688590604026845
15000 3.16
15100 3.1205298013245035
15200 3.132631578947368
15300 3.150326797385621
15400 3.157142857142857
15500 3.145032258064516
15600 3.143846153846154
15700 3.1569426751592355
15800 3.1354430379746834
15900 3.137106918238994
16000 3.1335
16100 3.139130434782609
16200 3.142469135802469
16300 3.1668711656441717
16400 3.127317073170732
16500 3.160727272727273
16600 3.139759036144578
16700 3.1235928143712575
16800 3.1219047619047617
16900 3.124733727810651
17000 3.1451764705882352
17100 3.1204678362573097
17200 3.147906976744186
17300 3.1440462427745666
17400 3.1445977011494253
17500 3.165257142857143
17600 3.133409090909091
17700 3.168361581920904
17800 3.142247191011236
17900 3.1246927374301676
18000 3.123111111111111
18100 3.1779005524861876
18200 3.1454945054945056
18300 3.1095081967213116
18400 3.128913043478261
18500 3.121297297297297
18600 3.160430107526882
18700 3.162566844919786
18800 3.13
18900 3.1466666666666665
19000 3.1393684210526316
19100 3.1579057591623036
19200 3.1329166666666666
19300 3.1237305699481865
19400 3.1371134020618556
19500 3.1173333333333333
19600 3.1491836734693877
19700 3.1474111675126903
19800 3.1280808080808082
19900 3.133467336683417
20000 3.1498
20100 3.1389054726368157
20200 3.121980198019802
20300 3.1330049261083746
20400 3.1362745098039215
20500 3.1373658536585367
20600 3.13378640776699
20700 3.1431884057971016
20800 3.126730769230769
20900 3.1444976076555022
21000 3.1243809523809523
21100 3.1497630331753554
21200 3.1452830188679246
21300 3.141032863849765
21400 3.1452336448598133
21500 3.114046511627907
21600 3.1418518518518517
21700 3.1620276497695854
21800 3.14697247706422
21900 3.1576255707762555
22000 3.1574545454545455
22100 3.157466063348416
22200 3.1437837837837836
22300 3.143318385650224
22400 3.1592857142857143
22500 3.1708444444444446
22600 3.145840707964602
22700 3.155066079295154
22800 3.1403508771929824
22900 3.1124890829694323
23000 3.1443478260869564
23100 3.1286580086580087
23200 3.1487931034482757
23300 3.1313304721030044
23400 3.1420512820512823
23500 3.165446808510638
23600 3.143728813559322
23700 3.152067510548523
23800 3.1260504201680672
23900 3.1425941422594144
24000 3.1381666666666668
24100 3.1409128630705396
24200 3.1373553719008265
24300 3.159506172839506
24400 3.1477049180327867
24500 3.1255510204081633
24600 3.1297560975609757
24700 3.1502834008097165
24800 3.149032258064516
24900 3.145542168674699
25000 3.15056
25100 3.1413545816733066
25200 3.1414285714285715
25300 3.126798418972332
25400 3.145511811023622
25500 3.1309803921568626
25600 3.14390625
25700 3.1438132295719843
25800 3.157674418604651
25900 3.147027027027027
26000 3.134923076923077
26100 3.1417624521072796
26200 3.128854961832061
26300 3.1358174904942966
26400 3.133939393939394
26500 3.1513962264150943
26600 3.1442105263157893
26700 3.1447191011235955
26800 3.1361194029850745
26900 3.1271375464684015
27000 3.140296296296296
27100 3.1301845018450183
27200 3.1536764705882354
27300 3.1554578754578753
27400 3.136204379562044
27500 3.1392
27600 3.1489855072463766
27700 3.144548736462094
27800 3.1401438848920864
27900 3.14078853046595
28000 3.1381428571428573
28100 3.1326690391459073
28200 3.134326241134752
28300 3.146713780918728
28400 3.167605633802817
28500 3.14119298245614
28600 3.129230769230769
28700 3.125574912891986
28800 3.1419444444444444
28900 3.1541868512110725
29000 3.14151724137931
29100 3.1393814432989693
29200 3.1508219178082193
29300 3.143481228668942
29400 3.1304761904761906
29500 3.1350508474576273
29600 3.139189189189189
29700 3.1424915824915827
29800 3.1204026845637585
29900 3.1383277591973244
30000 3.1468
30100 3.1461794019933556
30200 3.148211920529801
30300 3.1436303630363036
30400 3.140921052631579
30500 3.144
30600 3.1462745098039218
30700 3.1390228013029318
30800 3.137272727272727
30900 3.142912621359223
31000 3.129032258064516
31100 3.1389067524115757
31200 3.151666666666667
31300 3.153738019169329
31400 3.1312101910828027
31500 3.133079365079365
31600 3.122658227848101
31700 3.14801261829653
31800 3.1259119496855345
31900 3.1613793103448278
32000 3.148875
32100 3.141059190031153
32200 3.128944099378882
32300 3.143529411764706
32400 3.122716049382716
32500 3.1382153846153846
32600 3.148711656441718
32700 3.1388379204892964
32800 3.1403658536585364
32900 3.1468693009118542
33000 3.1467878787878787
33100 3.1285800604229608
33200 3.153975903614458
33300 3.13993993993994
33400 3.1319760479041916
33500 3.129910447761194
33600 3.1421428571428573
33700 3.1416023738872405
33800 3.1415384615384614
33900 3.146312684365782
34000 3.137058823529412
34100 3.1543695014662756
34200 3.145497076023392
34300 3.156384839650146
34400 3.153953488372093
34500 3.1370434782608694
34600 3.154335260115607
34700 3.1378674351585016
34800 3.1522988505747125
34900 3.1378796561604583
35000 3.1333714285714285
35100 3.145754985754986
35200 3.1401136363636364
35300 3.142776203966006
35400 3.135593220338983
35500 3.149746478873239
35600 3.1391011235955055
35700 3.1399439775910363
35800 3.148603351955307
35900 3.142841225626741
36000 3.1446666666666667
36100 3.1426038781163435
36200 3.138453038674033
36300 3.1518457300275484
36400 3.12989010989011
36500 3.1407123287671235
36600 3.141639344262295
36700 3.12283378746594
36800 3.1368478260869566
36900 3.131707317073171
37000 3.1286486486486487
37100 3.1376819407008085
37200 3.1462365591397847
37300 3.156353887399464
37400 3.140534759358289
37500 3.1477333333333335
37600 3.151276595744681
37700 3.1545888594164455
37800 3.1466666666666665
37900 3.14532981530343
38000 3.1298947368421053
38100 3.13753280839895
38200 3.1494240837696337
38300 3.146318537859008
38400 3.12125
38500 3.1623896103896105
38600 3.154818652849741
38700 3.1386046511627907
38800 3.136494845360825
38900 3.127917737789203
39000 3.1460512820512823
39100 3.136470588235294
39200 3.1333673469387757
39300 3.1340458015267174
39400 3.1440609137055837
39500 3.134379746835443
39600 3.1467676767676767
39700 3.156876574307305
39800 3.144422110552764
39900 3.128421052631579
40000 3.1337
40100 3.1380548628428926
40200 3.1364179104477614
40300 3.147890818858561
40400 3.1362376237623764
40500 3.1505185185185187
40600 3.1373399014778327
40700 3.1394594594594594
40800 3.1430392156862745
40900 3.145232273838631
41000 3.1471219512195123
41100 3.145693430656934
41200 3.1367961165048546
41300 3.1386924939467313
41400 3.1473429951690823
41500 3.1366746987951806
41600 3.147307692307692
41700 3.14052757793765
41800 3.1351196172248805
41900 3.126587112171838
42000 3.1334285714285715
42100 3.1367220902612827
42200 3.1538388625592417
42300 3.129929078014184
42400 3.1370754716981133
42500 3.145976470588235
42600 3.151643192488263
42700 3.1475409836065573
42800 3.147570093457944
42900 3.1353846153846154
43000 3.1547906976744184
43100 3.139118329466357
43200 3.144537037037037
43300 3.147066974595843
43400 3.1467281105990783
43500 3.139586206896552
43600 3.132844036697248
43700 3.148100686498856
43800 3.152054794520548
43900 3.1416856492027336
44000 3.137636363636364
44100 3.1346938775510202
44200 3.142443438914027
44300 3.1470880361173816
44400 3.139009009009009
44500 3.1334831460674155
44600 3.135695067264574
44700 3.1424608501118567
44800 3.135
44900 3.149665924276169
45000 3.1411555555555557
45100 3.150421286031042
45200 3.143805309734513
45300 3.129183222958057
45400 3.158590308370044
45500 3.143032967032967
45600 3.143157894736842
45700 3.1414442013129102
45800 3.132227074235808
45900 3.143616557734205
46000 3.141391304347826
46100 3.133882863340564
46200 3.1254545454545455
46300 3.1433261339092873
46400 3.1494827586206897
46500 3.150967741935484
46600 3.132875536480687
46700 3.1452676659528906
46800 3.135726495726496
46900 3.1520682302771856
47000 3.134212765957447
47100 3.143779193205945
47200 3.1438135593220338
47300 3.12338266384778
47400 3.1470886075949367
47500 3.1407157894736843
47600 3.1469747899159666
47700 3.147924528301887
47800 3.147112970711297
47900 3.144801670146138
48000 3.140083333333333
48100 3.12989604989605
48200 3.148713692946058
48300 3.1305175983436855
48400 3.1502479338842977
48500 3.1498556701030926
48600 3.131604938271605
48700 3.1486652977412732
48800 3.1218852459016393
48900 3.1337423312883437
49000 3.138857142857143
49100 3.1472912423625257
49200 3.1459349593495936
49300 3.1410953346855983
49400 3.14080971659919
49500 3.1374545454545455
49600 3.1451612903225805
49700 3.132635814889336
49800 3.13574297188755
49900 3.1341082164328657
50000 3.14808
50100 3.1497804391217565
50200 3.1405577689243027
50300 3.147117296222664
50400 3.1323015873015874
50500 3.143683168316832
50600 3.132094861660079
50700 3.1532149901380673
50800 3.1366929133858266
50900 3.136031434184676
51000 3.156941176470588
51100 3.12587084148728
51200 3.14109375
51300 3.132631578947368
51400 3.15704280155642
51500 3.127611650485437
51600 3.1385271317829457
51700 3.158762088974855
51800 3.1431660231660232
51900 3.1478227360308284
52000 3.141384615384615
52100 3.134587332053743
52200 3.1340229885057473
52300 3.147304015296367
52400 3.148854961832061
52500 3.1341714285714284
52600 3.155361216730038
52700 3.128956356736243
52800 3.153939393939394
52900 3.123024574669187
53000 3.1430188679245283
53100 3.143578154425612
53200 3.1433834586466167
53300 3.139812382739212
53400 3.1440449438202247
53500 3.130093457943925
53600 3.15
53700 3.1401117318435756
53800 3.114349442379182
53900 3.134100185528757
54000 3.1455555555555557
54100 3.131460258780037
54200 3.1531365313653135
54300 3.143130755064457
54400 3.144779411764706
54500 3.1273394495412843
54600 3.138241758241758
54700 3.1480804387568555
54800 3.122116788321168
54900 3.145938069216758
55000 3.153163636363636
55100 3.145045372050817
55200 3.1565217391304348
55300 3.1429294755877035
55400 3.1471480144404334
55500 3.125045045045045
55600 3.1302877697841724
55700 3.14721723518851
55800 3.1506093189964157
55900 3.1438282647584974
56000 3.1327142857142856
56100 3.1359001782531193
56200 3.1479715302491105
56300 3.1438010657193605
56400 3.144964539007092
56500 3.1491681415929205
56600 3.1443816254416963
56700 3.1476543209876544
56800 3.1532394366197183
56900 3.146362038664323
57000 3.1302456140350876
57100 3.1558669001751314
57200 3.148111888111888
57300 3.1353577661431062
57400 3.1462020905923347
57500 3.145808695652174
57600 3.156736111111111
57700 3.141005199306759
57800 3.1361245674740483
57900 3.1512262521588945
58000 3.1431724137931036
58100 3.1420998278829604
58200 3.1369072164948455
58300 3.1450428816466554
58400 3.1477397260273974
58500 3.1435897435897435
58600 3.135017064846416
58700 3.139557069846678
58800 3.1341496598639456
58900 3.139151103565365
59000 3.1388474576271186
59100 3.1420642978003386
59200 3.149189189189189
59300 3.140573355817875
59400 3.1426936026936025
59500 3.1481008403361344
59600 3.139731543624161
59700 3.1408375209380233
59800 3.142943143812709
59900 3.1359599332220367
60000 3.134933333333333
60100 3.134908485856905
60200 3.1354152823920267
60300 3.158805970149254
60400 3.124635761589404
60500 3.1470413223140494
60600 3.1463366336633665
60700 3.1494563426688633
60800 3.1432894736842107
60900 3.145615763546798
61000 3.135016393442623
61100 3.1343371522094925
61200 3.143202614379085
61300 3.1438172920065255
61400 3.1414332247557004
61500 3.140487804878049
61600 3.147727272727273
61700 3.120583468395462
61800 3.1470550161812296
61900 3.1406785137318254
62000 3.132967741935484
62100 3.142866344605475
62200 3.1431511254019293
62300 3.142985553772071
62400 3.140576923076923
62500 3.1376
62600 3.144920127795527
62700 3.1357575757575757
62800 3.1549044585987263
62900 3.1414944356120826
63000 3.1467936507936507
63100 3.136038034865293
63200 3.1376582278481013
63300 3.1224012638230647
63400 3.1481388012618297
63500 3.1375748031496062
63600 3.1347798742138364
63700 3.139215070643642
63800 3.136614420062696
63900 3.142910798122066
64000 3.144875
64100 3.1385335413416535
64200 3.1451713395638627
64300 3.1440124416796267
64400 3.1462111801242236
64500 3.1534883720930234
64600 3.1530650154798763
64700 3.1417619783616693
64800 3.138333333333333
64900 3.1472419106317413
65000 3.1449846153846153
65100 3.142488479262673
65200 3.138957055214724
65300 3.1362940275650844
65400 3.148195718654434
65500 3.132824427480916
65600 3.1425
65700 3.1332724505327243
65800 3.1514893617021276
65900 3.1391805766312593
66000 3.135090909090909
66100 3.124175491679274
66200 3.1542598187311177
66300 3.1455203619909504
66400 3.1490963855421685
66500 3.1438796992481204
66600 3.1463663663663666
66700 3.1390104947526236
66800 3.144191616766467
66900 3.13949177877429
67000 3.157134328358209
67100 3.1428912071535025
67200 3.146190476190476
67300 3.141991084695394
67400 3.142492581602374
67500 3.147377777777778
67600 3.1388757396449702
67700 3.144519940915805
67800 3.1473156342182893
67900 3.133784977908689
68000 3.152529411764706
68100 3.1415565345080765
68200 3.1320821114369504
68300 3.1451830161054173
68400 3.1401169590643274
68500 3.1316204379562045
68600 3.1491545189504375
68700 3.1335080058224163
68800 3.1525581395348836
68900 3.143280116110305
69000 3.1271304347826088
69100 3.1355716353111434
69200 3.1497687861271677
69300 3.1458008658008656
69400 3.132334293948127
69500 3.1390503597122303
69600 3.1458045977011495
69700 3.1294691535150645
69800 3.147621776504298
69900 3.1464377682403435
70000 3.143885714285714
70100 3.1473323823109842
70200 3.1453561253561255
70300 3.135533428165007
70400 3.1411931818181817
70500 3.132936170212766
70600 3.1457223796033995
70700 3.1458557284299857
70800 3.146045197740113
70900 3.1403102961918195
71000 3.1417464788732397
71100 3.1458790436005626
71200 3.145898876404494
71300 3.146928471248247
71400 3.1410084033613446
71500 3.1391328671328673
71600 3.132905027932961
71700 3.1422594142259412
71800 3.143119777158774
71900 3.1481502086230875
72000 3.1366111111111112
72100 3.1374202496532595
72200 3.142770083102493
72300 3.1507053941908714
72400 3.142099447513812
72500 3.151944827586207
72600 3.14099173553719
72700 3.1373314993122423
72800 3.1305494505494504
72900 3.135747599451303
73000 3.1404383561643834
73100 3.149986320109439
73200 3.132021857923497
73300 3.135225102319236
73400 3.1391280653950955
73500 3.131809523809524
73600 3.1417934782608694
73700 3.141058344640434
73800 3.1366937669376695
73900 3.133640054127199
74000 3.141081081081081
74100 3.132631578947368
74200 3.1461455525606468
74300 3.138734858681023
74400 3.1341397849462367
74500 3.1431409395973153
74600 3.146970509383378
74700 3.143025435073628
74800 3.132032085561497
74900 3.141682242990654
75000 3.1344
75100 3.1430093209054593
75200 3.134521276595745
75300 3.1285524568393095
75400 3.1391511936339525
75500 3.140026490066225
75600 3.1356084656084655
75700 3.1425099075297225
75800 3.1418469656992083
75900 3.1410803689064557
76000 3.1523157894736844
76100 3.147017082785808
76200 3.1467716535433072
76300 3.145058977719528
76400 3.1491623036649217
76500 3.1424313725490194
76600 3.1332114882506525
76700 3.14122555410691
76800 3.154166666666667
76900 3.1414304291287385
77000 3.135792207792208
77100 3.1460959792477303
77200 3.135440414507772
77300 3.143648124191462
77400 3.138191214470284
77500 3.1254709677419354
77600 3.140876288659794
77700 3.1422393822393824
77800 3.151413881748072
77900 3.143620025673941
78000 3.1462564102564103
78100 3.1435083226632523
78200 3.1463938618925833
78300 3.1427330779054916
78400 3.1440306122448978
78500 3.1451210191082803
78600 3.1531297709923662
78700 3.14287166454892
78800 3.137005076142132
78900 3.141596958174905
79000 3.1334177215189873
79100 3.1393678887484198
79200 3.143686868686869
79300 3.1384615384615384
79400 3.1405541561712846
79500 3.144050314465409
79600 3.143718592964824
79700 3.1546298619824342
79800 3.137844611528822
79900 3.1456821026282853
80000 3.14405
80100 3.1440699126092384
80200 3.1412468827930176
80300 3.1395765877957658
80400 3.142686567164179
80500 3.1405714285714286
80600 3.1357816377171215
80700 3.1425030978934325
80800 3.1372277227722773
80900 3.142843016069221
81000 3.1419753086419755
81100 3.137854500616523
81200 3.140344827586207
81300 3.145239852398524
81400 3.153415233415233
81500 3.137668711656442
81600 3.1380392156862746
81700 3.133561811505508
81800 3.1309046454767726
81900 3.1433455433455433
82000 3.1374146341463414
82100 3.127941534713764
82200 3.1469586374695866
82300 3.1440097205346293
82400 3.144126213592233
82500 3.147006060606061
82600 3.142130750605327
82700 3.1353325272067716
82800 3.1479710144927537
82900 3.1468275030156816
83000 3.1333493975903615
83100 3.1536462093862814
83200 3.135480769230769
83300 3.1491476590636256
83400 3.1398081534772184
83500 3.1378682634730537
83600 3.139473684210526
83700 3.140310633213859
83800 3.141288782816229
83900 3.153325387365912
84000 3.138809523809524
84100 3.1463495838287754
84200 3.1412826603325414
84300 3.141731909845789
84400 3.1354976303317534
84500 3.141680473372781
84600 3.131252955082742
84700 3.1313813459268003
84800 3.1358962264150945
84900 3.141766784452297
85000 3.1408470588235295
85100 3.139412455934195
85200 3.140657276995305
85300 3.142508792497069
85400 3.142060889929742
85500 3.1392748538011697
85600 3.142429906542056
85700 3.143803967327888
85800 3.1551515151515153
85900 3.1448195576251456
86000 3.143720930232558
86100 3.1329616724738676
86200 3.143433874709977
86300 3.137983777520278
86400 3.143009259259259
86500 3.136184971098266
86600 3.127759815242494
86700 3.140576701268743
86800 3.1436866359447007
86900 3.1430149597238204
87000 3.1393563218390805
87100 3.1337772675086106
87200 3.134633027522936
87300 3.1356242840778923
87400 3.145903890160183
87500 3.1475657142857143
87600 3.141369863013699
87700 3.141710376282782
87800 3.1505239179954443
87900 3.1470307167235494
88000 3.1467727272727273
88100 3.1412031782065832
88200 3.1360997732426306
88300 3.142921857304643
88400 3.1432579185520364
88500 3.1481129943502824
88600 3.1309706546275393
88700 3.1398872604284103
88800 3.148963963963964
88900 3.140652418447694
89000 3.1423370786516855
89100 3.1428058361391695
89200 3.155695067264574
89300 3.1393505039193728
89400 3.1453691275167786
89500 3.141586592178771
89600 3.1446875
89700 3.143768115942029
89800 3.144944320712695
89900 3.152614015572859
90000 3.147911111111111
90100 3.1340732519422865
90200 3.132860310421286
90300 3.1421926910299005
90400 3.13141592920354
90500 3.136707182320442
90600 3.136953642384106
90700 3.1439029768467477
90800 3.1356387665198238
90900 3.145302530253025
91000 3.1457582417582417
91100 3.142788144895719
91200 3.139473684210526
91300 3.1397152245345015
91400 3.142932166301969
91500 3.1297486338797813
91600 3.147816593886463
91700 3.1385387131952016
91800 3.134727668845316
91900 3.1411099020674644
92000 3.131478260869565
92100 3.1430184581976115
92200 3.143687635574837
92300 3.1317009750812566
92400 3.144805194805195
92500 3.135308108108108
92600 3.1385313174946003
92700 3.13277238403452
92800 3.151637931034483
92900 3.1555220667384285
93000 3.143440860215054
93100 3.142771213748657
93200 3.1400429184549354
93300 3.1491961414791
93400 3.141413276231263
93500 3.147336898395722
93600 3.1503418803418803
93700 3.1476200640341516
93800 3.1359488272921108
93900 3.1401064962726304
94000 3.1403829787234043
94100 3.1481402763018065
94200 3.1436518046709128
94300 3.1446023329798516
94400 3.150635593220339
94500 3.1464550264550266
94600 3.136701902748414
94700 3.147624076029567
94800 3.150464135021097
94900 3.138124341412013
95000 3.1349894736842105
95100 3.1451524710830703
95200 3.1473529411764707
95300 3.139055613850997
95400 3.133165618448637
95500 3.1418638743455496
95600 3.146652719665272
95700 3.1510971786833855
95800 3.1359081419624215
95900 3.1459436913451513
96000 3.1450833333333335
96100 3.1440582726326745
96200 3.138212058212058
96300 3.141931464174455
96400 3.136804979253112
96500 3.1352538860103625
96600 3.141159420289855
96700 3.1394002068252327
96800 3.1488429752066116
96900 3.143611971104231
97000 3.1414432989690724
97100 3.146076210092688
97200 3.1346090534979423
97300 3.1394450154162383
97400 3.128665297741273
97500 3.1382564102564103
97600 3.142377049180328
97700 3.1414124872057316
97800 3.143558282208589
97900 3.1367109295199183
98000 3.1408163265306124
98100 3.1415698267074412
98200 3.1391853360488797
98300 3.14323499491353
98400 3.1335365853658534
98500 3.1344162436548224
98600 3.1470182555780934
98700 3.13580547112462
98800 3.1361538461538463
98900 3.1487967644084933
99000 3.14210101010101
99100 3.129646821392533
99200 3.1428629032258066
99300 3.1477945619335346
99400 3.1405633802816904
99500 3.1483417085427137
99600 3.1488353413654617
99700 3.143590772316951
99800 3.151983967935872
99900 3.13997997997998
100000 3.14252
